0.467439971530283
0.539812097288338
4.52562300024524
0.838724183659841
3.941480407
33.741843
12.884856
0.539812097288338
1.40169277902491
1.15539814107894
0.996750910767506
1.07747697859496
0.866363233350062
1.17936028122017
0.996750910767506
1.16053288539492
34.648189
0.698911371495825
0.996750910767506
16.180939
0.996750910767506
12.1142436147
0.819965533273827
0.373330802229471
36.048855
0.996029532579401
0.363503202981946
0.419829
13.859932
27.642936
0.328704306206648
2.46205833544955
0.185132428767589
0.781150046362198
0.344108539154579
1.73804607504602
0.838724183659841
4.52562300024524
1.17850449050084
2.33286352514426
1.40866956842538
0.996750910767506
4.50779250165868
2.22872555474862
3.941480407
64.6092992785
22.209446627
3.941480407
0.18532891224866
0.781951608894839
3.072295
11.929858
11.4412300806
2.55051363000162
1.30535739740658
5.07971425289309
11.59869346
0.683672777129959
15.460122
3.27399244585546
9.42218947812
27.642936
3.941480407
3.1050311126733
3.811472
1.76860483364563
3.97373539982297
2.55051363000162
3.97373539982297
4.05676423293202
0.276815479038768
1.73448874735875
1.80780093352149
3.40402441617121
3.39431343349532
0.277536857226873
0.705475906970964
0.762637128331214
0.684796430406246
1.04701020895797
4.43830835801686
3.75685678672826
1.20487363270504
0.290536148385018
1.73448874735875
7.35966034138087
1.954625
2.28496774447986
0.569376723885835
8.056792
0.914076
4.186475
1.62318425973
0.800416463768246
0.994586776203191
9.801683
3.1050311126733
1.746115
35.160061
35.938737
34.89724
1.40227152399436
2.55051363000162
3.97373539982297
1.76860483364563
2.33286352514426
34.08723
38.050055
2.33286352514426
4.48923208415852
0.422973772401011
2.55051363000162
4.39813022650139
0.984487481569722
2.28496774447986
2.06724076149375
0.37336863186873
8.74917594397
15.4793112855
7.40314887567
3.97373539982297
0.547517775352262
2.37751396019237
4.52562300024524
5.46796797705983
1.76860483364563
35.682647
11.59869346
1.73186329768605
7.25234528912968
2.424366
1.437511
13.240163
17.703637
29.651072
35.260349
2.37751396019237
0.173095
3.297521
0.276815479038768
3.946731
27.534294
8.165848
5.057743
25.465237
36.234772
4.365324
5.692032
22.8047273867
1.17936028122017
0.994586776203191
1.73448874735875
9.040174
3.197043
15.209717
65.9553263468
0.829753612493546
4.48592381905973
0.332295194373136
0.822596417388369
3.941480407
27.366506506
16.802555
3.850738
1.17936028122017
1.05892152890724
1.17936028122017
2.537812
1.40169277902491
1.73842692186781
2.37751396019237
33.749014
27.642936
2.701131
11.2760479349
1.62290713626883
5.52267915284581
1.056793
0.305771298896393
10.7682165464
3.1050311126733
0.695054
0.6774195324669
0.184346494843305
2.33286352514426
1.34484620971933
0.893336
4.962416
7.301722
4.48592381905973
0.215346600537646
2.553474
33.768317
3.33361373740154
41.6914021173
9.524097
13.47952
4.262434
